# seqname1 seqname2 %id nid denomid %match nmatch denommatch
URS0000191D83 URS000026E06C 100.00   1584   1584  99.75   1584   1588
URS0000191D83 URS000033B7FE  50.82    805   1584  65.81   1459   2217
URS0000191D83 URS000017C61C  52.78    836   1584  67.69   1458   2154
URS0000191D83 URS000049BC12  53.79    852   1584  66.47   1477   2222
URS0000191D83 URS000049CC46  54.42    862   1584  69.16   1480   2140
URS0000191D83 URS000036224F  54.48    863   1584  69.51   1484   2135
URS0000191D83 URS000058EF04  54.36    861   1584  69.40   1481   2134
URS000026E06C URS000033B7FE  50.76    806   1588  65.99   1463   2217
URS000026E06C URS000017C61C  52.83    839   1588  67.87   1462   2154
URS000026E06C URS000049BC12  53.72    853   1588  66.65   1481   2222
URS000026E06C URS000049CC46  54.35    863   1588  69.27   1483   2141
URS000026E06C URS000036224F  54.41    864   1588  69.62   1487   2136
URS000026E06C URS000058EF04  54.28    862   1588  69.51   1484   2135
URS000033B7FE URS000017C61C  51.68   1048   2028  80.31   1835   2285
URS000033B7FE URS000049BC12  52.29   1094   2092  82.75   1905   2302
URS000033B7FE URS000049CC46  49.95   1017   2036  79.63   1830   2298
URS000033B7FE URS000036224F  49.93   1016   2035  79.98   1834   2293
URS000033B7FE URS000058EF04  50.02   1016   2031  79.89   1831   2292
URS000017C61C URS000049BC12  56.61   1148   2028  83.32   1883   2260
URS000017C61C URS000049CC46  56.36   1143   2028  86.00   1879   2185
URS000017C61C URS000036224F  56.02   1136   2028  86.03   1879   2184
URS000017C61C URS000058EF04  56.02   1136   2028  86.02   1877   2182
URS000049BC12 URS000049CC46  59.23   1206   2036  85.89   1918   2233
URS000049BC12 URS000036224F  57.99   1180   2035  85.93   1918   2232
URS000049BC12 URS000058EF04  58.00   1178   2031  85.75   1914   2232
URS000049CC46 URS000036224F  95.43   1942   2035  99.27   2028   2043
URS000049CC46 URS000058EF04  95.52   1940   2031  99.27   2026   2041
URS000036224F URS000058EF04  99.70   2025   2031  99.80   2031   2035
