# seqname1 seqname2 %id nid denomid %match nmatch denommatch
URS0000306813 URS00003A0856  99.83   1814   1817 100.00   1817   1817
URS0000306813 URS00000F0769  68.56   1064   1552  80.74   1505   1864
URS0000306813 URS000047484C  68.79   1067   1551  80.78   1505   1863
URS0000306813 URS00001411C6  72.64   1203   1656  87.43   1620   1853
URS0000306813 URS00002BB716  72.81   1205   1655  87.37   1619   1853
URS0000306813 URS00001564C2  72.75   1207   1659  87.59   1623   1853
URS0000306813 URS00002F1CFF  72.88   1209   1659  87.49   1622   1854
URS0000306813 URS0000539806  41.77    645   1544  64.67   1320   2041
URS0000306813 URS00001E462C  41.84    646   1544  64.75   1321   2040
URS0000306813 URS000025DEBC  41.94    648   1545  64.72   1321   2041
URS0000306813 URS0000244E3E  43.98    690   1569  66.88   1357   2029
URS0000306813 URS0000214CE3  44.03    700   1590  67.09   1368   2039
URS0000306813 URS0000321BCA  44.06    701   1591  67.14   1369   2039
URS00003A0856 URS00000F0769  68.49   1063   1552  80.74   1505   1864
URS00003A0856 URS000047484C  68.73   1066   1551  80.78   1505   1863
URS00003A0856 URS00001411C6  72.58   1202   1656  87.43   1620   1853
URS00003A0856 URS00002BB716  72.75   1204   1655  87.37   1619   1853
URS00003A0856 URS00001564C2  72.69   1206   1659  87.59   1623   1853
URS00003A0856 URS00002F1CFF  72.81   1208   1659  87.49   1622   1854
URS00003A0856 URS0000539806  41.65    643   1544  64.67   1320   2041
URS00003A0856 URS00001E462C  41.71    644   1544  64.75   1321   2040
URS00003A0856 URS000025DEBC  41.81    646   1545  64.72   1321   2041
URS00003A0856 URS0000244E3E  43.85    688   1569  66.88   1357   2029
URS00003A0856 URS0000214CE3  43.96    699   1590  67.09   1368   2039
URS00003A0856 URS0000321BCA  44.00    700   1591  67.14   1369   2039
URS00000F0769 URS000047484C  99.81   1548   1551  99.94   1551   1552
URS00000F0769 URS00001411C6  71.46   1109   1552  86.30   1486   1722
URS00000F0769 URS00002BB716  71.52   1110   1552  86.24   1485   1722
URS00000F0769 URS00001564C2  71.71   1113   1552  86.47   1489   1722
URS00000F0769 URS00002F1CFF  72.04   1118   1552  86.36   1488   1723
URS00000F0769 URS0000539806  36.72    567   1544  63.21   1199   1897
URS00000F0769 URS00001E462C  36.59    565   1544  63.21   1199   1897
URS00000F0769 URS000025DEBC  36.70    567   1545  63.17   1199   1898
URS00000F0769 URS0000244E3E  38.08    591   1552  65.04   1230   1891
URS00000F0769 URS0000214CE3  39.88    619   1552  64.93   1237   1905
URS00000F0769 URS0000321BCA  39.88    619   1552  64.90   1237   1906
URS000047484C URS00001411C6  71.70   1112   1551  86.35   1486   1721
URS000047484C URS00002BB716  71.76   1113   1551  86.29   1485   1721
URS000047484C URS00001564C2  71.95   1116   1551  86.52   1489   1721
URS000047484C URS00002F1CFF  72.28   1121   1551  86.41   1488   1722
URS000047484C URS0000539806  36.59    565   1544  63.15   1198   1897
URS000047484C URS00001E462C  36.46    563   1544  63.15   1198   1897
URS000047484C URS000025DEBC  36.57    565   1545  63.12   1198   1898
URS000047484C URS0000244E3E  38.04    590   1551  64.99   1229   1891
URS000047484C URS0000214CE3  39.85    618   1551  64.88   1236   1905
URS000047484C URS0000321BCA  39.85    618   1551  64.85   1236   1906
URS00001411C6 URS00002BB716  99.70   1650   1655  99.94   1655   1656
URS00001411C6 URS00001564C2  95.83   1587   1656  99.58   1654   1661
URS00001411C6 URS00002F1CFF  97.10   1608   1656  99.70   1655   1660
URS00001411C6 URS0000539806  37.95    586   1544  61.94   1224   1976
URS00001411C6 URS00001E462C  37.89    585   1544  61.94   1224   1976
URS00001411C6 URS000025DEBC  37.86    585   1545  61.91   1224   1977
URS00001411C6 URS0000244E3E  40.41    634   1569  65.13   1272   1953
URS00001411C6 URS0000214CE3  40.57    645   1590  64.60   1274   1972
URS00001411C6 URS0000321BCA  40.54    645   1591  64.57   1274   1973
URS00002BB716 URS00001564C2  96.07   1590   1655  99.64   1654   1660
URS00002BB716 URS00002F1CFF  97.22   1609   1655  99.76   1655   1659
URS00002BB716 URS0000539806  38.08    588   1544  61.89   1223   1976
URS00002BB716 URS00001E462C  38.02    587   1544  61.89   1223   1976
URS00002BB716 URS000025DEBC  37.99    587   1545  61.86   1223   1977
URS00002BB716 URS0000244E3E  40.54    636   1569  65.08   1271   1953
URS00002BB716 URS0000214CE3  40.69    647   1590  64.55   1273   1972
URS00002BB716 URS0000321BCA  40.67    647   1591  64.52   1273   1973
URS00001564C2 URS00002F1CFF  98.25   1630   1659  99.88   1658   1660
URS00001564C2 URS0000539806  38.08    588   1544  62.10   1227   1976
URS00001564C2 URS00001E462C  38.02    587   1544  62.10   1227   1976
URS00001564C2 URS000025DEBC  37.99    587   1545  62.06   1227   1977
URS00001564C2 URS0000244E3E  40.47    635   1569  65.20   1274   1954
URS00001564C2 URS0000214CE3  40.75    648   1590  64.67   1276   1973
URS00001564C2 URS0000321BCA  40.73    648   1591  64.64   1276   1974
URS00002F1CFF URS0000539806  38.02    587   1544  62.01   1226   1977
URS00002F1CFF URS00001E462C  37.95    586   1544  62.01   1226   1977
URS00002F1CFF URS000025DEBC  37.93    586   1545  61.98   1226   1978
URS00002F1CFF URS0000244E3E  40.73    639   1569  65.12   1273   1955
URS00002F1CFF URS0000214CE3  41.01    652   1590  64.59   1275   1974
URS00002F1CFF URS0000321BCA  40.98    652   1591  64.56   1275   1975
URS0000539806 URS00001E462C  99.48   1536   1544  99.87   1543   1545
URS0000539806 URS000025DEBC  99.61   1538   1544  99.94   1544   1545
URS0000539806 URS0000244E3E  54.34    839   1544  81.41   1397   1716
URS0000539806 URS0000214CE3  55.18    852   1544  80.95   1402   1732
URS0000539806 URS0000321BCA  55.12    851   1544  81.00   1403   1732
URS00001E462C URS000025DEBC  99.81   1541   1544  99.94   1544   1545
URS00001E462C URS0000244E3E  54.27    838   1544  81.52   1398   1715
URS00001E462C URS0000214CE3  54.92    848   1544  80.95   1402   1732
URS00001E462C URS0000321BCA  54.86    847   1544  81.00   1403   1732
URS000025DEBC URS0000244E3E  54.24    838   1545  81.47   1398   1716
URS000025DEBC URS0000214CE3  54.95    849   1545  81.00   1403   1732
URS000025DEBC URS0000321BCA  54.89    848   1545  81.06   1404   1732
URS0000244E3E URS0000214CE3  72.66   1140   1569  91.80   1512   1647
URS0000244E3E URS0000321BCA  72.72   1141   1569  91.86   1513   1647
URS0000214CE3 URS0000321BCA  99.87   1588   1590  99.94   1590   1591
