# seqname1 seqname2 %id nid denomid %match nmatch denommatch
URS0000306813              URS00003A0856               99.83   1814   1817 100.00   1817   1817
URS0000306813              URS00000F0769               68.56   1064   1552  80.74   1505   1864
URS0000306813              URS000047484C               68.79   1067   1551  80.78   1505   1863
URS0000306813              URS00001411C6               72.64   1203   1656  87.43   1620   1853
URS0000306813              URS00002BB716               72.81   1205   1655  87.37   1619   1853
URS0000306813              URS00001564C2               72.75   1207   1659  87.59   1623   1853
URS0000306813              URS00002F1CFF               72.88   1209   1659  87.49   1622   1854
URS0000306813              URS00001E462C               41.84    646   1544  63.95   1311   2050
URS0000306813              URS0000539806               41.71    644   1544  63.87   1310   2051
URS0000306813              URS0000244E3E               44.10    692   1569  66.14   1348   2038
URS0000306813              URS0000214CE3               43.71    695   1590  65.63   1350   2057
URS0000306813              URS0000321BCA               43.75    696   1591  65.68   1351   2057
URS0000306813              AY639013.1/1-1219           37.82    461   1219  50.07   1013   2023
URS0000306813              AY547299.1/91-1310          37.79    461   1220  50.12   1014   2023
URS0000306813              AY639014.1/1-1196           37.04    443   1196  49.01    991   2022
URS0000306813              U14595.1/11-1168            35.92    416   1158  47.57    959   2016
URS0000306813              BK006936.2/307597-308754    35.92    416   1158  47.57    959   2016
URS0000306813              AAEG01000107.1/89228-88071  35.92    416   1158  47.57    959   2016
URS0000306813              AY639010.1/1-1163           37.26    433   1162  47.84    964   2015
URS0000306813              AM296234.1/1-1165           37.85    441   1165  48.14    969   2013
URS0000306813              AABY01000040.1/50453-51617  37.51    437   1165  48.06    968   2014
URS0000306813              AY639011.1/1-1215           38.19    464   1215  49.07    998   2034
URS0000306813              AABZ01000048.1/19811-18596  38.24    465   1216  49.12    999   2034
URS0000306813              AY639012.1/1-1215           37.56    456   1214  49.68   1006   2025
URS0000306813              AY737252.1/615-1829         37.61    457   1215  49.58   1005   2027
URS00003A0856              URS00000F0769               68.49   1063   1552  80.74   1505   1864
URS00003A0856              URS000047484C               68.73   1066   1551  80.78   1505   1863
URS00003A0856              URS00001411C6               72.58   1202   1656  87.43   1620   1853
URS00003A0856              URS00002BB716               72.75   1204   1655  87.37   1619   1853
URS00003A0856              URS00001564C2               72.69   1206   1659  87.59   1623   1853
URS00003A0856              URS00002F1CFF               72.81   1208   1659  87.49   1622   1854
URS00003A0856              URS00001E462C               41.71    644   1544  63.95   1311   2050
URS00003A0856              URS0000539806               41.58    642   1544  63.87   1310   2051
URS00003A0856              URS0000244E3E               43.98    690   1569  66.14   1348   2038
URS00003A0856              URS0000214CE3               43.65    694   1590  65.63   1350   2057
URS00003A0856              URS0000321BCA               43.68    695   1591  65.68   1351   2057
URS00003A0856              AY639013.1/1-1219           37.82    461   1219  50.07   1013   2023
URS00003A0856              AY547299.1/91-1310          37.79    461   1220  50.12   1014   2023
URS00003A0856              AY639014.1/1-1196           37.04    443   1196  49.01    991   2022
URS00003A0856              U14595.1/11-1168            35.92    416   1158  47.57    959   2016
URS00003A0856              BK006936.2/307597-308754    35.92    416   1158  47.57    959   2016
URS00003A0856              AAEG01000107.1/89228-88071  35.92    416   1158  47.57    959   2016
URS00003A0856              AY639010.1/1-1163           37.26    433   1162  47.84    964   2015
URS00003A0856              AM296234.1/1-1165           37.85    441   1165  48.14    969   2013
URS00003A0856              AABY01000040.1/50453-51617  37.51    437   1165  48.06    968   2014
URS00003A0856              AY639011.1/1-1215           38.19    464   1215  49.07    998   2034
URS00003A0856              AABZ01000048.1/19811-18596  38.24    465   1216  49.12    999   2034
URS00003A0856              AY639012.1/1-1215           37.56    456   1214  49.68   1006   2025
URS00003A0856              AY737252.1/615-1829         37.61    457   1215  49.58   1005   2027
URS00000F0769              URS000047484C               99.81   1548   1551  99.94   1551   1552
URS00000F0769              URS00001411C6               71.46   1109   1552  86.30   1486   1722
URS00000F0769              URS00002BB716               71.52   1110   1552  86.24   1485   1722
URS00000F0769              URS00001564C2               71.71   1113   1552  86.47   1489   1722
URS00000F0769              URS00002F1CFF               72.04   1118   1552  86.36   1488   1723
URS00000F0769              URS00001E462C               36.72    567   1544  62.26   1188   1908
URS00000F0769              URS0000539806               36.85    569   1544  62.26   1188   1908
URS00000F0769              URS0000244E3E               38.21    593   1552  64.00   1218   1903
URS00000F0769              URS0000214CE3               39.50    613   1552  63.65   1222   1920
URS00000F0769              URS0000321BCA               39.50    613   1552  63.61   1222   1921
URS00000F0769              AY639013.1/1-1219           31.99    390   1219  45.31    864   1907
URS00000F0769              AY547299.1/91-1310          32.05    391   1220  45.36    865   1907
URS00000F0769              AY639014.1/1-1196           31.69    379   1196  44.40    845   1903
URS00000F0769              U14595.1/11-1168            31.87    369   1158  44.92    840   1870
URS00000F0769              BK006936.2/307597-308754    31.87    369   1158  44.92    840   1870
URS00000F0769              AAEG01000107.1/89228-88071  31.87    369   1158  44.92    840   1870
URS00000F0769              AY639010.1/1-1163           32.44    377   1162  43.98    829   1885
URS00000F0769              AM296234.1/1-1165           32.62    380   1165  44.29    834   1883
URS00000F0769              AABY01000040.1/50453-51617  32.53    379   1165  44.21    833   1884
URS00000F0769              AY639011.1/1-1215           33.17    403   1215  45.10    860   1907
URS00000F0769              AABZ01000048.1/19811-18596  33.22    404   1216  45.15    861   1907
URS00000F0769              AY639012.1/1-1215           32.21    391   1214  45.58    866   1900
URS00000F0769              AY737252.1/615-1829         32.18    391   1215  45.48    865   1902
URS000047484C              URS00001411C6               71.70   1112   1551  86.35   1486   1721
URS000047484C              URS00002BB716               71.76   1113   1551  86.29   1485   1721
URS000047484C              URS00001564C2               71.95   1116   1551  86.52   1489   1721
URS000047484C              URS00002F1CFF               72.28   1121   1551  86.41   1488   1722
URS000047484C              URS00001E462C               36.59    565   1544  62.21   1187   1908
URS000047484C              URS0000539806               36.72    567   1544  62.21   1187   1908
URS000047484C              URS0000244E3E               38.17    592   1551  63.95   1217   1903
URS000047484C              URS0000214CE3               39.46    612   1551  63.59   1221   1920
URS000047484C              URS0000321BCA               39.46    612   1551  63.56   1221   1921
URS000047484C              AY639013.1/1-1219           31.91    389   1219  45.33    864   1906
URS000047484C              AY547299.1/91-1310          31.97    390   1220  45.38    865   1906
URS000047484C              AY639014.1/1-1196           31.61    378   1196  44.43    845   1902
URS000047484C              U14595.1/11-1168            31.69    367   1158  44.94    840   1869
URS000047484C              BK006936.2/307597-308754    31.69    367   1158  44.94    840   1869
URS000047484C              AAEG01000107.1/89228-88071  31.69    367   1158  44.94    840   1869
URS000047484C              AY639010.1/1-1163           32.27    375   1162  44.00    829   1884
URS000047484C              AM296234.1/1-1165           32.45    378   1165  44.31    834   1882
URS000047484C              AABY01000040.1/50453-51617  32.36    377   1165  44.24    833   1883
URS000047484C              AY639011.1/1-1215           33.17    403   1215  45.12    860   1906
URS000047484C              AABZ01000048.1/19811-18596  33.22    404   1216  45.17    861   1906
URS000047484C              AY639012.1/1-1215           32.04    389   1214  45.60    866   1899
URS000047484C              AY737252.1/615-1829         32.02    389   1215  45.50    865   1901
URS00001411C6              URS00002BB716               99.70   1650   1655  99.94   1655   1656
URS00001411C6              URS00001564C2               95.83   1587   1656  99.58   1654   1661
URS00001411C6              URS00002F1CFF               97.10   1608   1656  99.70   1655   1660
URS00001411C6              URS00001E462C               37.44    578   1544  61.45   1218   1982
URS00001411C6              URS0000539806               37.37    577   1544  61.45   1218   1982
URS00001411C6              URS0000244E3E               40.15    630   1569  64.46   1264   1961
URS00001411C6              URS0000214CE3               40.13    638   1590  63.61   1262   1984
URS00001411C6              URS0000321BCA               40.10    638   1591  63.58   1262   1985
URS00001411C6              AY639013.1/1-1219           35.77    436   1219  47.66    928   1947
URS00001411C6              AY547299.1/91-1310          35.74    436   1220  47.71    929   1947
URS00001411C6              AY639014.1/1-1196           35.12    420   1196  46.48    905   1947
URS00001411C6              U14595.1/11-1168            34.02    394   1158  45.65    882   1932
URS00001411C6              BK006936.2/307597-308754    34.02    394   1158  45.65    882   1932
URS00001411C6              AAEG01000107.1/89228-88071  34.11    395   1158  45.65    882   1932
URS00001411C6              AY639010.1/1-1163           34.94    406   1162  45.78    885   1933
URS00001411C6              AM296234.1/1-1165           35.62    415   1165  46.01    889   1932
URS00001411C6              AABY01000040.1/50453-51617  35.36    412   1165  45.94    888   1933
URS00001411C6              AY639011.1/1-1215           35.72    434   1215  47.00    918   1953
URS00001411C6              AABZ01000048.1/19811-18596  35.77    435   1216  47.06    919   1953
URS00001411C6              AY639012.1/1-1215           35.34    429   1214  47.48    924   1946
URS00001411C6              AY737252.1/615-1829         35.23    428   1215  47.38    923   1948
URS00002BB716              URS00001564C2               96.07   1590   1655  99.64   1654   1660
URS00002BB716              URS00002F1CFF               97.22   1609   1655  99.76   1655   1659
URS00002BB716              URS00001E462C               37.56    580   1544  61.40   1217   1982
URS00002BB716              URS0000539806               37.50    579   1544  61.40   1217   1982
URS00002BB716              URS0000244E3E               40.28    632   1569  64.41   1263   1961
URS00002BB716              URS0000214CE3               40.25    640   1590  63.56   1261   1984
URS00002BB716              URS0000321BCA               40.23    640   1591  63.53   1261   1985
URS00002BB716              AY639013.1/1-1219           35.85    437   1219  47.61    927   1947
URS00002BB716              AY547299.1/91-1310          35.82    437   1220  47.66    928   1947
URS00002BB716              AY639014.1/1-1196           35.20    421   1196  46.43    904   1947
URS00002BB716              U14595.1/11-1168            34.11    395   1158  45.60    881   1932
URS00002BB716              BK006936.2/307597-308754    34.11    395   1158  45.60    881   1932
URS00002BB716              AAEG01000107.1/89228-88071  34.20    396   1158  45.60    881   1932
URS00002BB716              AY639010.1/1-1163           35.03    407   1162  45.73    884   1933
URS00002BB716              AM296234.1/1-1165           35.71    416   1165  45.96    888   1932
URS00002BB716              AABY01000040.1/50453-51617  35.45    413   1165  45.89    887   1933
URS00002BB716              AY639011.1/1-1215           35.88    436   1215  46.95    917   1953
URS00002BB716              AABZ01000048.1/19811-18596  35.94    437   1216  47.00    918   1953
URS00002BB716              AY639012.1/1-1215           35.42    430   1214  47.43    923   1946
URS00002BB716              AY737252.1/615-1829         35.31    429   1215  47.33    922   1948
URS00001564C2              URS00002F1CFF               98.25   1630   1659  99.88   1658   1660
URS00001564C2              URS00001E462C               37.50    579   1544  61.52   1220   1983
URS00001564C2              URS0000539806               37.44    578   1544  61.52   1220   1983
URS00001564C2              URS0000244E3E               40.15    630   1569  64.44   1265   1963
URS00001564C2              URS0000214CE3               40.25    640   1590  63.60   1263   1986
URS00001564C2              URS0000321BCA               40.23    640   1591  63.56   1263   1987
URS00001564C2              AY639013.1/1-1219           36.26    442   1219  47.67    929   1949
URS00001564C2              AY547299.1/91-1310          36.23    442   1220  47.72    930   1949
URS00001564C2              AY639014.1/1-1196           35.54    425   1196  46.49    906   1949
URS00001564C2              U14595.1/11-1168            34.37    398   1158  45.66    883   1934
URS00001564C2              BK006936.2/307597-308754    34.37    398   1158  45.66    883   1934
URS00001564C2              AAEG01000107.1/89228-88071  34.46    399   1158  45.66    883   1934
URS00001564C2              AY639010.1/1-1163           35.11    408   1162  45.79    886   1935
URS00001564C2              AM296234.1/1-1165           35.62    415   1165  46.02    890   1934
URS00001564C2              AABY01000040.1/50453-51617  35.54    414   1165  45.94    889   1935
URS00001564C2              AY639011.1/1-1215           36.54    444   1215  47.01    919   1955
URS00001564C2              AABZ01000048.1/19811-18596  36.60    445   1216  47.06    920   1955
URS00001564C2              AY639012.1/1-1215           36.08    438   1214  47.48    925   1948
URS00001564C2              AY737252.1/615-1829         35.97    437   1215  47.38    924   1950
URS00002F1CFF              URS00001E462C               37.37    577   1544  61.52   1220   1983
URS00002F1CFF              URS0000539806               37.31    576   1544  61.52   1220   1983
URS00002F1CFF              URS0000244E3E               40.54    636   1569  64.44   1265   1963
URS00002F1CFF              URS0000214CE3               40.50    644   1590  63.60   1263   1986
URS00002F1CFF              URS0000321BCA               40.48    644   1591  63.56   1263   1987
URS00002F1CFF              AY639013.1/1-1219           35.77    436   1219  47.59    928   1950
URS00002F1CFF              AY547299.1/91-1310          35.74    436   1220  47.64    929   1950
URS00002F1CFF              AY639014.1/1-1196           35.12    420   1196  46.41    905   1950
URS00002F1CFF              U14595.1/11-1168            34.02    394   1158  45.58    882   1935
URS00002F1CFF              BK006936.2/307597-308754    34.02    394   1158  45.58    882   1935
URS00002F1CFF              AAEG01000107.1/89228-88071  34.11    395   1158  45.58    882   1935
URS00002F1CFF              AY639010.1/1-1163           34.77    404   1162  45.71    885   1936
URS00002F1CFF              AM296234.1/1-1165           35.28    411   1165  45.94    889   1935
URS00002F1CFF              AABY01000040.1/50453-51617  35.19    410   1165  45.87    888   1936
URS00002F1CFF              AY639011.1/1-1215           35.97    437   1215  46.93    918   1956
URS00002F1CFF              AABZ01000048.1/19811-18596  36.02    438   1216  46.98    919   1956
URS00002F1CFF              AY639012.1/1-1215           35.75    434   1214  47.41    924   1949
URS00002F1CFF              AY737252.1/615-1829         35.64    433   1215  47.31    923   1951
URS00001E462C              URS0000539806               99.48   1536   1544  99.87   1543   1545
URS00001E462C              URS0000244E3E               54.34    839   1544  81.73   1400   1713
URS00001E462C              URS0000214CE3               54.92    848   1544  81.16   1404   1730
URS00001E462C              URS0000321BCA               54.86    847   1544  81.21   1405   1730
URS00001E462C              AY639013.1/1-1219           31.09    379   1219  48.79    906   1857
URS00001E462C              AY547299.1/91-1310          31.07    379   1220  48.84    907   1857
URS00001E462C              AY639014.1/1-1196           30.52    365   1196  47.71    885   1855
URS00001E462C              U14595.1/11-1168            31.78    368   1158  46.85    862   1840
URS00001E462C              BK006936.2/307597-308754    31.78    368   1158  46.85    862   1840
URS00001E462C              AAEG01000107.1/89228-88071  31.78    368   1158  46.85    862   1840
URS00001E462C              AY639010.1/1-1163           31.07    361   1162  47.07    866   1840
URS00001E462C              AM296234.1/1-1165           32.19    375   1165  47.23    869   1840
URS00001E462C              AABY01000040.1/50453-51617  32.10    374   1165  47.23    869   1840
URS00001E462C              AY639011.1/1-1215           31.69    385   1215  47.86    893   1866
URS00001E462C              AABZ01000048.1/19811-18596  31.66    385   1216  47.91    894   1866
URS00001E462C              AY639012.1/1-1215           30.97    376   1214  48.28    898   1860
URS00001E462C              AY737252.1/615-1829         30.86    375   1215  48.25    898   1861
URS0000539806              URS0000244E3E               54.40    840   1544  81.62   1399   1714
URS0000539806              URS0000214CE3               55.18    852   1544  81.16   1404   1730
URS0000539806              URS0000321BCA               55.12    851   1544  81.21   1405   1730
URS0000539806              AY639013.1/1-1219           31.17    380   1219  48.71    905   1858
URS0000539806              AY547299.1/91-1310          31.15    380   1220  48.76    906   1858
URS0000539806              AY639014.1/1-1196           30.69    367   1196  47.63    884   1856
URS0000539806              U14595.1/11-1168            31.78    368   1158  46.77    861   1841
URS0000539806              BK006936.2/307597-308754    31.78    368   1158  46.77    861   1841
URS0000539806              AAEG01000107.1/89228-88071  31.78    368   1158  46.77    861   1841
URS0000539806              AY639010.1/1-1163           31.15    362   1162  46.99    865   1841
URS0000539806              AM296234.1/1-1165           32.27    376   1165  47.15    868   1841
URS0000539806              AABY01000040.1/50453-51617  32.19    375   1165  47.15    868   1841
URS0000539806              AY639011.1/1-1215           31.85    387   1215  47.78    892   1867
URS0000539806              AABZ01000048.1/19811-18596  31.83    387   1216  47.83    893   1867
URS0000539806              AY639012.1/1-1215           31.22    379   1214  48.20    897   1861
URS0000539806              AY737252.1/615-1829         31.11    378   1215  48.17    897   1862
URS0000244E3E              URS0000214CE3               72.66   1140   1569  91.80   1512   1647
URS0000244E3E              URS0000321BCA               72.72   1141   1569  91.86   1513   1647
URS0000244E3E              AY639013.1/1-1219           30.52    372   1219  47.75    901   1887
URS0000244E3E              AY547299.1/91-1310          30.49    372   1220  47.80    902   1887
URS0000244E3E              AY639014.1/1-1196           29.77    356   1196  46.76    881   1884
URS0000244E3E              U14595.1/11-1168            31.61    366   1158  46.30    863   1864
URS0000244E3E              BK006936.2/307597-308754    31.61    366   1158  46.30    863   1864
URS0000244E3E              AAEG01000107.1/89228-88071  31.61    366   1158  46.30    863   1864
URS0000244E3E              AY639010.1/1-1163           32.70    380   1162  46.75    870   1861
URS0000244E3E              AM296234.1/1-1165           32.96    384   1165  46.83    872   1862
URS0000244E3E              AABY01000040.1/50453-51617  32.27    376   1165  46.75    871   1863
URS0000244E3E              AY639011.1/1-1215           32.18    391   1215  47.46    896   1888
URS0000244E3E              AABZ01000048.1/19811-18596  32.15    391   1216  47.51    897   1888
URS0000244E3E              AY639012.1/1-1215           30.81    374   1214  47.56    897   1886
URS0000244E3E              AY737252.1/615-1829         30.78    374   1215  47.46    896   1888
URS0000214CE3              URS0000321BCA               99.87   1588   1590  99.94   1590   1591
URS0000214CE3              AY639013.1/1-1219           30.68    374   1219  47.76    908   1901
URS0000214CE3              AY547299.1/91-1310          30.66    374   1220  47.82    909   1901
URS0000214CE3              AY639014.1/1-1196           30.27    362   1196  46.86    889   1897
URS0000214CE3              U14595.1/11-1168            30.83    357   1158  45.78    863   1885
URS0000214CE3              BK006936.2/307597-308754    30.83    357   1158  45.78    863   1885
URS0000214CE3              AAEG01000107.1/89228-88071  30.83    357   1158  45.78    863   1885
URS0000214CE3              AY639010.1/1-1163           31.84    370   1162  46.46    873   1879
URS0000214CE3              AM296234.1/1-1165           32.88    383   1165  46.46    874   1881
URS0000214CE3              AABY01000040.1/50453-51617  32.10    374   1165  46.46    874   1881
URS0000214CE3              AY639011.1/1-1215           32.76    398   1215  47.17    899   1906
URS0000214CE3              AABZ01000048.1/19811-18596  32.73    398   1216  47.22    900   1906
URS0000214CE3              AY639012.1/1-1215           30.72    373   1214  47.27    900   1904
URS0000214CE3              AY737252.1/615-1829         30.70    373   1215  47.24    900   1905
URS0000321BCA              AY639013.1/1-1219           30.76    375   1219  47.82    909   1901
URS0000321BCA              AY547299.1/91-1310          30.74    375   1220  47.87    910   1901
URS0000321BCA              AY639014.1/1-1196           30.35    363   1196  46.92    890   1897
URS0000321BCA              U14595.1/11-1168            30.83    357   1158  45.84    864   1885
URS0000321BCA              BK006936.2/307597-308754    30.83    357   1158  45.84    864   1885
URS0000321BCA              AAEG01000107.1/89228-88071  30.83    357   1158  45.84    864   1885
URS0000321BCA              AY639010.1/1-1163           31.93    371   1162  46.51    874   1879
URS0000321BCA              AM296234.1/1-1165           32.96    384   1165  46.52    875   1881
URS0000321BCA              AABY01000040.1/50453-51617  32.19    375   1165  46.52    875   1881
URS0000321BCA              AY639011.1/1-1215           32.84    399   1215  47.22    900   1906
URS0000321BCA              AABZ01000048.1/19811-18596  32.81    399   1216  47.27    901   1906
URS0000321BCA              AY639012.1/1-1215           30.81    374   1214  47.32    901   1904
URS0000321BCA              AY737252.1/615-1829         30.78    374   1215  47.30    901   1905
AY639013.1/1-1219          AY547299.1/91-1310         100.00   1219   1219  99.92   1219   1220
AY639013.1/1-1219          AY639014.1/1-1196           90.38   1081   1196  97.14   1190   1225
AY639013.1/1-1219          U14595.1/11-1168            60.19    697   1158  84.98   1092   1285
AY639013.1/1-1219          BK006936.2/307597-308754    60.19    697   1158  84.98   1092   1285
AY639013.1/1-1219          AAEG01000107.1/89228-88071  60.19    697   1158  84.98   1092   1285
AY639013.1/1-1219          AY639010.1/1-1163           63.60    739   1162  85.73   1099   1282
AY639013.1/1-1219          AM296234.1/1-1165           64.38    750   1165  85.96   1102   1282
AY639013.1/1-1219          AABY01000040.1/50453-51617  63.86    744   1165  86.10   1103   1281
AY639013.1/1-1219          AY639011.1/1-1215           63.54    772   1215  88.39   1142   1292
AY639013.1/1-1219          AABZ01000048.1/19811-18596  63.49    772   1216  88.32   1142   1293
AY639013.1/1-1219          AY639012.1/1-1215           66.23    804   1214  90.23   1154   1279
AY639013.1/1-1219          AY737252.1/615-1829         66.17    804   1215  90.45   1156   1278
AY547299.1/91-1310         AY639014.1/1-1196           90.38   1081   1196  97.06   1190   1226
AY547299.1/91-1310         U14595.1/11-1168            60.19    697   1158  84.91   1092   1286
AY547299.1/91-1310         BK006936.2/307597-308754    60.19    697   1158  84.91   1092   1286
AY547299.1/91-1310         AAEG01000107.1/89228-88071  60.19    697   1158  84.91   1092   1286
AY547299.1/91-1310         AY639010.1/1-1163           63.60    739   1162  85.66   1099   1283
AY547299.1/91-1310         AM296234.1/1-1165           64.38    750   1165  85.89   1102   1283
AY547299.1/91-1310         AABY01000040.1/50453-51617  63.86    744   1165  86.04   1103   1282
AY547299.1/91-1310         AY639011.1/1-1215           63.54    772   1215  88.32   1142   1293
AY547299.1/91-1310         AABZ01000048.1/19811-18596  63.49    772   1216  88.25   1142   1294
AY547299.1/91-1310         AY639012.1/1-1215           66.23    804   1214  90.16   1154   1280
AY547299.1/91-1310         AY737252.1/615-1829         66.17    804   1215  90.38   1156   1279
AY639014.1/1-1196          U14595.1/11-1168            60.54    701   1158  83.76   1073   1281
AY639014.1/1-1196          BK006936.2/307597-308754    60.54    701   1158  83.76   1073   1281
AY639014.1/1-1196          AAEG01000107.1/89228-88071  60.54    701   1158  83.76   1073   1281
AY639014.1/1-1196          AY639010.1/1-1163           62.56    727   1162  84.07   1077   1281
AY639014.1/1-1196          AM296234.1/1-1165           63.09    735   1165  84.31   1080   1281
AY639014.1/1-1196          AABY01000040.1/50453-51617  63.26    737   1165  84.45   1081   1280
AY639014.1/1-1196          AY639011.1/1-1215           62.63    749   1196  87.04   1122   1289
AY639014.1/1-1196          AABZ01000048.1/19811-18596  62.63    749   1196  86.98   1122   1290
AY639014.1/1-1196          AY639012.1/1-1215           66.22    792   1196  88.72   1133   1277
AY639014.1/1-1196          AY737252.1/615-1829         66.39    794   1196  88.95   1135   1276
U14595.1/11-1168           BK006936.2/307597-308754   100.00   1158   1158 100.00   1158   1158
U14595.1/11-1168           AAEG01000107.1/89228-88071  99.91   1157   1158 100.00   1158   1158
U14595.1/11-1168           AY639010.1/1-1163           77.46    897   1158  91.26   1107   1213
U14595.1/11-1168           AM296234.1/1-1165           78.41    908   1158  91.51   1110   1213
U14595.1/11-1168           AABY01000040.1/50453-51617  78.41    908   1158  91.51   1110   1213
U14595.1/11-1168           AY639011.1/1-1215           70.03    811   1158  90.91   1130   1243
U14595.1/11-1168           AABZ01000048.1/19811-18596  70.12    812   1158  90.99   1131   1243
U14595.1/11-1168           AY639012.1/1-1215           66.41    769   1158  90.37   1126   1246
U14595.1/11-1168           AY737252.1/615-1829         66.67    772   1158  90.60   1128   1245
BK006936.2/307597-308754   AAEG01000107.1/89228-88071  99.91   1157   1158 100.00   1158   1158
BK006936.2/307597-308754   AY639010.1/1-1163           77.46    897   1158  91.26   1107   1213
BK006936.2/307597-308754   AM296234.1/1-1165           78.41    908   1158  91.51   1110   1213
BK006936.2/307597-308754   AABY01000040.1/50453-51617  78.41    908   1158  91.51   1110   1213
BK006936.2/307597-308754   AY639011.1/1-1215           70.03    811   1158  90.91   1130   1243
BK006936.2/307597-308754   AABZ01000048.1/19811-18596  70.12    812   1158  90.99   1131   1243
BK006936.2/307597-308754   AY639012.1/1-1215           66.41    769   1158  90.37   1126   1246
BK006936.2/307597-308754   AY737252.1/615-1829         66.67    772   1158  90.60   1128   1245
AAEG01000107.1/89228-88071 AY639010.1/1-1163           77.46    897   1158  91.26   1107   1213
AAEG01000107.1/89228-88071 AM296234.1/1-1165           78.41    908   1158  91.51   1110   1213
AAEG01000107.1/89228-88071 AABY01000040.1/50453-51617  78.41    908   1158  91.51   1110   1213
AAEG01000107.1/89228-88071 AY639011.1/1-1215           70.03    811   1158  90.91   1130   1243
AAEG01000107.1/89228-88071 AABZ01000048.1/19811-18596  70.12    812   1158  90.99   1131   1243
AAEG01000107.1/89228-88071 AY639012.1/1-1215           66.41    769   1158  90.37   1126   1246
AAEG01000107.1/89228-88071 AY737252.1/615-1829         66.67    772   1158  90.60   1128   1245
AY639010.1/1-1163          AM296234.1/1-1165           94.92   1103   1162  99.23   1159   1168
AY639010.1/1-1163          AABY01000040.1/50453-51617  94.66   1100   1162  99.23   1159   1168
AY639010.1/1-1163          AY639011.1/1-1215           74.27    863   1162  91.54   1136   1241
AY639010.1/1-1163          AABZ01000048.1/19811-18596  74.35    864   1162  91.62   1137   1241
AY639010.1/1-1163          AY639012.1/1-1215           69.88    812   1162  91.00   1132   1244
AY639010.1/1-1163          AY737252.1/615-1829         69.97    813   1162  91.23   1134   1243
AM296234.1/1-1165          AABY01000040.1/50453-51617  98.28   1145   1165  99.83   1164   1166
AM296234.1/1-1165          AY639011.1/1-1215           74.68    870   1165  91.78   1139   1241
AM296234.1/1-1165          AABZ01000048.1/19811-18596  74.76    871   1165  91.86   1140   1241
AM296234.1/1-1165          AY639012.1/1-1215           70.21    818   1165  91.24   1135   1244
AM296234.1/1-1165          AY737252.1/615-1829         70.21    818   1165  91.32   1136   1244
AABY01000040.1/50453-51617 AY639011.1/1-1215           74.25    865   1165  91.63   1138   1242
AABY01000040.1/50453-51617 AABZ01000048.1/19811-18596  74.33    866   1165  91.71   1139   1242
AABY01000040.1/50453-51617 AY639012.1/1-1215           69.79    813   1165  91.08   1134   1245
AABY01000040.1/50453-51617 AY737252.1/615-1829         69.87    814   1165  91.32   1136   1244
AY639011.1/1-1215          AABZ01000048.1/19811-18596 100.00   1215   1215  99.92   1215   1216
AY639011.1/1-1215          AY639012.1/1-1215           71.91    873   1214  93.70   1175   1254
AY639011.1/1-1215          AY737252.1/615-1829         71.85    873   1215  93.78   1176   1254
AABZ01000048.1/19811-18596 AY639012.1/1-1215           71.91    873   1214  93.63   1175   1255
AABZ01000048.1/19811-18596 AY737252.1/615-1829         71.85    873   1215  93.71   1176   1255
AY639012.1/1-1215          AY737252.1/615-1829         99.75   1211   1214  99.75   1213   1216
