# seqname1 seqname2 %id nid denomid %match nmatch denommatch
URS0000306813 URS00003A0856  99.83   1814   1817 100.00   1817   1817
URS0000306813 URS00000F0769  68.56   1064   1552  80.74   1505   1864
URS0000306813 URS000047484C  68.79   1067   1551  80.78   1505   1863
URS0000306813 URS00001411C6  72.64   1203   1656  87.43   1620   1853
URS0000306813 URS00002BB716  72.81   1205   1655  87.37   1619   1853
URS0000306813 URS00001564C2  72.75   1207   1659  87.59   1623   1853
URS0000306813 URS00002F1CFF  72.88   1209   1659  87.49   1622   1854
URS00003A0856 URS00000F0769  68.49   1063   1552  80.74   1505   1864
URS00003A0856 URS000047484C  68.73   1066   1551  80.78   1505   1863
URS00003A0856 URS00001411C6  72.58   1202   1656  87.43   1620   1853
URS00003A0856 URS00002BB716  72.75   1204   1655  87.37   1619   1853
URS00003A0856 URS00001564C2  72.69   1206   1659  87.59   1623   1853
URS00003A0856 URS00002F1CFF  72.81   1208   1659  87.49   1622   1854
URS00000F0769 URS000047484C  99.81   1548   1551  99.94   1551   1552
URS00000F0769 URS00001411C6  71.46   1109   1552  86.30   1486   1722
URS00000F0769 URS00002BB716  71.52   1110   1552  86.24   1485   1722
URS00000F0769 URS00001564C2  71.71   1113   1552  86.47   1489   1722
URS00000F0769 URS00002F1CFF  72.04   1118   1552  86.36   1488   1723
URS000047484C URS00001411C6  71.70   1112   1551  86.35   1486   1721
URS000047484C URS00002BB716  71.76   1113   1551  86.29   1485   1721
URS000047484C URS00001564C2  71.95   1116   1551  86.52   1489   1721
URS000047484C URS00002F1CFF  72.28   1121   1551  86.41   1488   1722
URS00001411C6 URS00002BB716  99.70   1650   1655  99.94   1655   1656
URS00001411C6 URS00001564C2  95.83   1587   1656  99.58   1654   1661
URS00001411C6 URS00002F1CFF  97.10   1608   1656  99.70   1655   1660
URS00002BB716 URS00001564C2  96.07   1590   1655  99.64   1654   1660
URS00002BB716 URS00002F1CFF  97.22   1609   1655  99.76   1655   1659
URS00001564C2 URS00002F1CFF  98.25   1630   1659  99.88   1658   1660
