# seqname1 seqname2 %id nid denomid %match nmatch denommatch
AM296234.1/1-1165          AY639010.1/1-1163           94.66   1100   1162  99.23   1159   1168
AM296234.1/1-1165          AY639011.1/1-1215           76.22    888   1165  91.78   1139   1241
AM296234.1/1-1165          AY639012.1/1-1215           70.56    822   1165  91.08   1134   1245
AM296234.1/1-1165          U14595.1/11-1168            78.93    914   1158  90.57   1104   1219
AM296234.1/1-1165          AY639013.1/1-1219           66.01    769   1165  86.83   1108   1276
AM296234.1/1-1165          AY639014.1/1-1196           64.12    747   1165  85.32   1087   1274
AM296234.1/1-1165          AABY01000040.1/50453-51617  98.28   1145   1165  99.83   1164   1166
AM296234.1/1-1165          AABZ01000048.1/19811-18596  76.31    889   1165  91.71   1139   1242
AM296234.1/1-1165          AAEG01000107.1/89228-88071  79.02    915   1158  90.72   1105   1218
AM296234.1/1-1165          AY737252.1/615-1829         70.56    822   1165  91.47   1137   1243
AM296234.1/1-1165          AY547299.1/91-1310          65.41    762   1165  87.50   1113   1272
AM296234.1/1-1165          BK006936.2/307597-308754    79.02    915   1158  90.72   1105   1218
AY639010.1/1-1163          AY639011.1/1-1215           76.16    885   1162  91.54   1136   1241
AY639010.1/1-1163          AY639012.1/1-1215           70.40    818   1162  90.84   1131   1245
AY639010.1/1-1163          U14595.1/11-1168            78.07    904   1158  90.48   1102   1218
AY639010.1/1-1163          AY639013.1/1-1219           65.58    762   1162  86.60   1105   1276
AY639010.1/1-1163          AY639014.1/1-1196           63.51    738   1162  85.09   1084   1274
AY639010.1/1-1163          AABY01000040.1/50453-51617  94.41   1097   1162  99.23   1159   1168
AY639010.1/1-1163          AABZ01000048.1/19811-18596  76.25    886   1162  91.47   1136   1242
AY639010.1/1-1163          AAEG01000107.1/89228-88071  78.15    905   1158  90.63   1103   1217
AY639010.1/1-1163          AY737252.1/615-1829         70.57    820   1162  91.23   1134   1243
AY639010.1/1-1163          AY547299.1/91-1310          64.89    754   1162  87.26   1110   1272
AY639010.1/1-1163          BK006936.2/307597-308754    78.15    905   1158  90.63   1103   1217
AY639011.1/1-1215          AY639012.1/1-1215           69.85    848   1214  93.55   1174   1255
AY639011.1/1-1215          U14595.1/11-1168            71.85    832   1158  90.45   1127   1246
AY639011.1/1-1215          AY639013.1/1-1219           65.10    791   1215  88.68   1144   1290
AY639011.1/1-1215          AY639014.1/1-1196           63.55    760   1196  87.19   1123   1288
AY639011.1/1-1215          AABY01000040.1/50453-51617  76.22    888   1165  91.78   1139   1241
AY639011.1/1-1215          AABZ01000048.1/19811-18596  99.92   1214   1215  99.75   1214   1217
AY639011.1/1-1215          AAEG01000107.1/89228-88071  71.93    833   1158  90.45   1127   1246
AY639011.1/1-1215          AY737252.1/615-1829         69.71    847   1215  93.78   1176   1254
AY639011.1/1-1215          AY547299.1/91-1310          64.77    787   1215  89.05   1147   1288
AY639011.1/1-1215          BK006936.2/307597-308754    71.93    833   1158  90.45   1127   1246
AY639012.1/1-1215          U14595.1/11-1168            67.79    785   1158  89.61   1121   1251
AY639012.1/1-1215          AY639013.1/1-1219           66.06    802   1214  89.49   1149   1284
AY639012.1/1-1215          AY639014.1/1-1196           66.39    794   1196  88.58   1132   1278
AY639012.1/1-1215          AABY01000040.1/50453-51617  70.21    818   1165  91.24   1135   1244
AY639012.1/1-1215          AABZ01000048.1/19811-18596  69.85    848   1214  93.47   1174   1256
AY639012.1/1-1215          AAEG01000107.1/89228-88071  67.79    785   1158  89.61   1121   1251
AY639012.1/1-1215          AY737252.1/615-1829         99.09   1203   1214  99.43   1211   1218
AY639012.1/1-1215          AY547299.1/91-1310          67.05    814   1214  90.16   1154   1280
AY639012.1/1-1215          BK006936.2/307597-308754    67.79    785   1158  89.61   1121   1251
U14595.1/11-1168           AY639013.1/1-1219           61.49    712   1158  85.41   1095   1282
U14595.1/11-1168           AY639014.1/1-1196           60.97    706   1158  83.91   1074   1280
U14595.1/11-1168           AABY01000040.1/50453-51617  79.10    916   1158  90.72   1105   1218
U14595.1/11-1168           AABZ01000048.1/19811-18596  71.93    833   1158  90.38   1127   1247
U14595.1/11-1168           AAEG01000107.1/89228-88071  99.31   1150   1158  99.66   1156   1160
U14595.1/11-1168           AY737252.1/615-1829         67.96    787   1158  89.99   1124   1249
U14595.1/11-1168           AY547299.1/91-1310          61.14    708   1158  86.07   1100   1278
U14595.1/11-1168           BK006936.2/307597-308754    99.40   1151   1158  99.66   1156   1160
AY639013.1/1-1219          AY639014.1/1-1196           87.71   1049   1196  95.71   1181   1234
AY639013.1/1-1219          AABY01000040.1/50453-51617  65.67    765   1165  86.98   1109   1275
AY639013.1/1-1219          AABZ01000048.1/19811-18596  65.05    791   1216  88.47   1143   1292
AY639013.1/1-1219          AAEG01000107.1/89228-88071  61.74    715   1158  85.41   1095   1282
AY639013.1/1-1219          AY737252.1/615-1829         65.84    800   1215  89.86   1152   1282
AY639013.1/1-1219          AY547299.1/91-1310          96.88   1181   1219  98.13   1208   1231
AY639013.1/1-1219          BK006936.2/307597-308754    61.74    715   1158  85.41   1095   1282
AY639014.1/1-1196          AABY01000040.1/50453-51617  64.29    749   1165  85.47   1088   1273
AY639014.1/1-1196          AABZ01000048.1/19811-18596  63.55    760   1196  87.27   1124   1288
AY639014.1/1-1196          AAEG01000107.1/89228-88071  61.05    707   1158  83.91   1074   1280
AY639014.1/1-1196          AY737252.1/615-1829         66.64    797   1196  88.80   1134   1277
AY639014.1/1-1196          AY547299.1/91-1310          88.38   1057   1196  95.31   1179   1237
AY639014.1/1-1196          BK006936.2/307597-308754    61.05    707   1158  83.91   1074   1280
AABY01000040.1/50453-51617 AABZ01000048.1/19811-18596  76.31    889   1165  91.71   1139   1242
AABY01000040.1/50453-51617 AAEG01000107.1/89228-88071  79.19    917   1158  90.88   1106   1217
AABY01000040.1/50453-51617 AY737252.1/615-1829         70.30    819   1165  91.63   1138   1242
AABY01000040.1/50453-51617 AY547299.1/91-1310          65.06    758   1165  87.65   1114   1271
AABY01000040.1/50453-51617 BK006936.2/307597-308754    79.19    917   1158  90.88   1106   1217
AABZ01000048.1/19811-18596 AAEG01000107.1/89228-88071  72.02    834   1158  90.38   1127   1247
AABZ01000048.1/19811-18596 AY737252.1/615-1829         69.71    847   1215  93.71   1176   1255
AABZ01000048.1/19811-18596 AY547299.1/91-1310          64.64    786   1216  88.98   1147   1289
AABZ01000048.1/19811-18596 BK006936.2/307597-308754    72.02    834   1158  90.38   1127   1247
AAEG01000107.1/89228-88071 AY737252.1/615-1829         67.96    787   1158  89.99   1124   1249
AAEG01000107.1/89228-88071 AY547299.1/91-1310          61.40    711   1158  86.07   1100   1278
AAEG01000107.1/89228-88071 BK006936.2/307597-308754    99.91   1157   1158 100.00   1158   1158
AY737252.1/615-1829        AY547299.1/91-1310          66.91    813   1215  90.68   1158   1277
AY737252.1/615-1829        BK006936.2/307597-308754    67.96    787   1158  89.99   1124   1249
AY547299.1/91-1310         BK006936.2/307597-308754    61.40    711   1158  86.07   1100   1278
