# seqname1 seqname2 %id nid denomid %match nmatch denommatch
URS000043682A URS0000294AC7  64.64    276    427  55.43    383    691
URS000043682A URS000021C86C  38.88    166    427  27.49    251    913
URS000043682A URS000003FA47  58.78    251    427  52.84    353    668
URS000043682A URS000012C866  58.78    251    427  52.44    366    698
URS000043682A URS00001D0A57  44.50    190    427  43.80    293    669
URS000043682A URS000053B1F9  57.61    246    427  51.57    344    667
URS000043682A URS00001054CA  56.21    240    427  52.00    338    650
URS000043682A URS000033832C  59.72    255    427  48.55    352    725
URS0000294AC7 URS000021C86C  45.60    295    647  45.68    434    950
URS0000294AC7 URS000003FA47  62.29    370    594  71.41    517    724
URS0000294AC7 URS000012C866  63.89    407    637  75.65    553    731
URS0000294AC7 URS00001D0A57  57.76    309    535  65.78    469    713
URS0000294AC7 URS000053B1F9  63.70    372    584  72.41    517    714
URS0000294AC7 URS00001054CA  63.99    359    561  72.08    506    702
URS0000294AC7 URS000033832C  59.51    385    647  69.32    531    766
URS000021C86C URS000003FA47  47.64    283    594  45.94    419    912
URS000021C86C URS000012C866  48.98    312    637  50.00    458    916
URS000021C86C URS00001D0A57  59.25    317    535  50.00    424    848
URS000021C86C URS000053B1F9  57.53    336    584  51.32    448    873
URS000021C86C URS00001054CA  56.51    317    561  48.00    421    877
URS000021C86C URS000033832C  49.54    322    650  49.14    457    930
URS000003FA47 URS000012C866  85.52    508    594  86.80    572    659
URS000003FA47 URS00001D0A57  57.20    306    535  67.76    456    673
URS000003FA47 URS000053B1F9  62.33    364    584  73.75    500    678
URS000003FA47 URS00001054CA  69.34    389    561  77.69    505    650
URS000003FA47 URS000033832C  68.35    406    594  75.46    535    709
URS000012C866 URS00001D0A57  64.30    344    535  74.66    501    671
URS000012C866 URS000053B1F9  69.52    406    584  80.89    546    675
URS000012C866 URS00001054CA  72.01    404    561  80.42    534    664
URS000012C866 URS000033832C  66.56    424    637  79.00    568    719
URS00001D0A57 URS000053B1F9  90.09    482    535  89.98    530    589
URS00001D0A57 URS00001054CA  66.92    358    535  74.24    467    629
URS00001D0A57 URS000033832C  71.21    381    535  72.99    500    685
URS000053B1F9 URS00001054CA  76.11    427    561  80.31    510    635
URS000053B1F9 URS000033832C  76.71    448    584  78.58    543    691
URS00001054CA URS000033832C  84.14    472    561  82.11    546    665
